"X","Y","Z","Intensity","ReturnNumber","NumberOfReturns","ScanDirectionFlag","EdgeOfFlightLine","Classification","Synthetic","KeyPoint","Withheld","Overlap","ScanAngleRank","UserData","PointSourceId","GpsTime"
-16399.698,-62700.761,13.362,5617.000,1.000,1.000,0.000,0.000,3.000,0.000,0.000,0.000,0.000,16.000,0.000,18.000,352596056.560
-16399.238,-62700.121,13.362,5983.000,1.000,1.000,0.000,0.000,9.000,0.000,0.000,0.000,0.000,16.000,0.000,18.000,352596056.560
-16399.368,-62701.071,13.372,5997.000,1.000,1.000,0.000,0.000,9.000,0.000,0.000,0.000,0.000,16.000,0.000,18.000,352596056.572
-16398.908,-62700.431,13.372,6470.000,1.000,1.000,0.000,0.000,9.000,0.000,0.000,0.000,0.000,16.000,0.000,18.000,352596056.572
-16399.818,-62702.401,13.362,4111.000,1.000,1.000,0.000,0.000,9.000,0.000,0.000,0.000,0.000,16.000,0.000,18.000,352596056.585
-16399.338,-62701.761,13.402,6239.000,1.000,1.000,0.000,0.000,9.000,0.000,0.000,0.000,0.000,16.000,0.000,18.000,352596056.585
-16398.868,-62701.101,13.382,6166.000,1.000,1.000,0.000,0.000,9.000,0.000,0.000,0.000,0.000,16.000,0.000,18.000,352596056.585
-16398.388,-62700.461,13.402,6810.000,1.000,1.000,0.000,0.000,9.000,0.000,0.000,0.000,0.000,16.000,0.000,18.000,352596056.585
-16399.668,-62703.051,13.352,5199.000,1.000,1.000,0.000,0.000,9.000,0.000,0.000,0.000,0.000,16.000,0.000,18.000,352596056.597
-16399.198,-62702.411,13.352,4875.000,1.000,1.000,0.000,0.000,9.000,0.000,0.000,0.000,0.000,16.000,0.000,18.000,352596056.597
-16398.728,-62701.761,13.382,5317.000,1.000,1.000,0.000,0.000,3.000,0.000,0.000,0.000,0.000,16.000,0.000,18.000,352596056.597
-16398.258,-62701.111,13.362,6361.000,1.000,1.000,0.000,0.000,8.000,0.000,0.000,0.000,0.000,16.000,0.000,18.000,352596056.597
-16398.258,-62700.081,14.982,1879.000,1.000,2.000,0.000,0.000,6.000,0.000,0.000,0.000,0.000,16.000,0.000,18.000,352596056.597
-16397.858,-62700.381,13.652,6314.000,2.000,2.000,0.000,0.000,8.000,0.000,0.000,0.000,0.000,16.000,0.000,18.000,352596056.597
-16399.808,-62703.781,13.472,2465.000,1.000,1.000,0.000,0.000,6.000,0.000,0.000,0.000,0.000,16.000,0.000,18.000,352596056.609
-16399.298,-62703.121,13.352,4897.000,1.000,1.000,0.000,0.000,9.000,0.000,0.000,0.000,0.000,16.000,0.000,18.000,352596056.609
-16398.818,-62702.471,13.362,3933.000,1.000,1.000,0.000,0.000,9.000,0.000,0.000,0.000,0.000,16.000,0.000,18.000,352596056.609
-16398.348,-62701.831,13.362,4491.000,1.000,1.000,0.000,0.000,9.000,0.000,0.000,0.000,0.000,16.000,0.000,18.000,352596056.609
-16397.888,-62701.191,13.372,5639.000,1.000,1.000,0.000,0.000,9.000,0.000,0.000,0.000,0.000,16.000,0.000,18.000,352596056.609
-16397.908,-62700.191,14.992,2509.000,1.000,2.000,0.000,0.000,6.000,0.000,0.000,0.000,0.000,16.000,0.000,18.000,352596056.609
-16397.468,-62700.511,13.502,4198.000,2.000,2.000,0.000,0.000,9.000,0.000,0.000,0.000,0.000,16.000,0.000,18.000,352596056.609
-16399.588,-62704.031,13.662,1308.000,2.000,3.000,0.000,0.000,6.000,0.000,0.000,0.000,0.000,16.000,0.000,18.000,352596056.621
-16399.238,-62704.321,12.472,2749.000,3.000,3.000,0.000,0.000,2.000,0.000,0.000,0.000,0.000,16.000,0.000,18.000,352596056.621
-16399.028,-62703.481,13.362,6092.000,1.000,1.000,0.000,0.000,8.000,0.000,0.000,0.000,0.000,16.000,0.000,18.000,352596056.621
-16398.548,-62702.841,13.342,5775.000,1.000,1.000,0.000,0.000,9.000,0.000,0.000,0.000,0.000,16.000,0.000,18.000,352596056.621
-16398.098,-62702.211,13.372,4708.000,1.000,1.000,0.000,0.000,9.000,0.000,0.000,0.000,0.000,16.000,0.000,18.000,352596056.621
-16397.638,-62701.561,13.382,6374.000,1.000,1.000,0.000,0.000,9.000,0.000,0.000,0.000,0.000,16.000,0.000,18.000,352596056.621
-16397.158,-62700.931,13.382,6796.000,2.000,2.000,0.000,0.000,9.000,0.000,0.000,0.000,0.000,16.000,0.000,18.000,352596056.621
-16399.098,-62704.261,13.722,1532.000,1.000,2.000,0.000,0.000,6.000,0.000,0.000,0.000,0.000,16.000,0.000,18.000,352596056.633
-16398.748,-62704.501,12.542,2989.000,2.000,2.000,0.000,0.000,2.000,0.000,0.000,0.000,0.000,16.000,0.000,18.000,352596056.633
-16398.538,-62703.691,13.372,6239.000,1.000,1.000,0.000,0.000,9.000,0.000,0.000,0.000,0.000,16.000,0.000,18.000,352596056.633
-16398.068,-62703.051,13.362,5961.000,1.000,1.000,0.000,0.000,9.000,0.000,0.000,0.000,0.000,16.000,0.000,18.000,352596056.633
-16397.598,-62702.411,13.392,5064.000,1.000,1.000,0.000,0.000,9.000,0.000,0.000,0.000,0.000,16.000,0.000,18.000,352596056.633
-16397.148,-62701.751,13.392,5453.000,1.000,1.000,0.000,0.000,9.000,0.000,0.000,0.000,0.000,16.000,0.000,18.000,352596056.633
-16396.668,-62701.101,13.352,6035.000,3.000,3.000,0.000,0.000,9.000,0.000,0.000,0.000,0.000,16.000,0.000,18.000,352596056.633
-16396.698,-62700.091,15.122,830.000,2.000,2.000,0.000,0.000,6.000,0.000,0.000,0.000,0.000,16.000,0.000,18.000,352596056.633
-16398.728,-62704.401,14.022,1663.000,2.000,3.000,0.000,0.000,6.000,0.000,0.000,0.000,0.000,16.000,0.000,18.000,352596056.646
-16398.278,-62704.731,12.502,3573.000,3.000,3.000,0.000,0.000,2.000,0.000,0.000,0.000,0.000,16.000,0.000,18.000,352596056.646
-16398.058,-62703.891,13.392,5350.000,1.000,1.000,0.000,0.000,6.000,0.000,0.000,0.000,0.000,16.000,0.000,18.000,352596056.646
-16397.628,-62703.231,13.392,4713.000,1.000,1.000,0.000,0.000,6.000,0.000,0.000,0.000,0.000,16.000,0.000,18.000,352596056.646
-16397.168,-62702.571,13.512,3967.000,1.000,1.000,0.000,0.000,6.000,0.000,0.000,0.000,0.000,16.000,0.000,18.000,352596056.646
-16396.598,-62702.021,13.142,2498.000,1.000,1.000,0.000,0.000,8.000,0.000,0.000,0.000,0.000,16.000,0.000,18.000,352596056.646
-16396.088,-62701.411,12.902,4238.000,1.000,1.000,0.000,0.000,2.000,0.000,0.000,0.000,0.000,16.000,0.000,18.000,352596056.646
-16398.228,-62704.621,13.922,1559.000,2.000,3.000,0.000,0.000,6.000,0.000,0.000,0.000,0.000,16.000,0.000,18.000,352596056.658
-16397.828,-62704.951,12.522,3094.000,3.000,3.000,0.000,0.000,2.000,0.000,0.000,0.000,0.000,16.000,0.000,18.000,352596056.658
-16397.748,-62704.011,13.862,3660.000,1.000,1.000,0.000,0.000,6.000,0.000,0.000,0.000,0.000,16.000,0.000,18.000,352596056.658
-16397.638,-62703.091,15.062,2516.000,1.000,3.000,0.000,0.000,6.000,0.000,0.000,0.000,0.000,16.000,0.000,18.000,352596056.658
-16397.358,-62703.301,14.112,1690.000,2.000,3.000,0.000,0.000,6.000,0.000,0.000,0.000,0.000,16.000,0.000,18.000,352596056.658
-16396.898,-62703.631,12.582,2554.000,3.000,3.000,0.000,0.000,2.000,0.000,0.000,0.000,0.000,16.000,0.000,18.000,352596056.658
-16397.188,-62702.421,15.172,1181.000,1.000,3.000,0.000,0.000,6.000,0.000,0.000,0.000,0.000,16.000,0.000,18.000,352596056.658
-16396.998,-62702.561,14.482,986.000,2.000,3.000,0.000,0.000,6.000,0.000,0.000,0.000,0.000,16.000,0.000,18.000,352596056.658
-16396.408,-62702.981,12.602,4189.000,3.000,3.000,0.000,0.000,2.000,0.000,0.000,0.000,0.000,16.000,0.000,18.000,352596056.658
-16395.958,-62702.311,12.652,5084.000,2.000,2.000,0.000,0.000,2.000,0.000,0.000,0.000,0.000,16.000,0.000,18.000,352596056.658
-16395.458,-62701.691,12.562,3542.000,1.000,1.000,0.000,0.000,2.000,0.000,0.000,0.000,0.000,16.000,0.000,18.000,352596056.658
-16399.478,-62704.261,18.502,3111.000,1.000,2.000,0.000,0.000,6.000,0.000,0.000,0.000,0.000,16.000,0.000,18.000,352596056.670
-16397.718,-62705.531,12.502,1228.000,2.000,2.000,0.000,0.000,2.000,0.000,0.000,0.000,0.000,16.000,0.000,18.000,352596056.670
-16397.998,-62704.381,14.972,1941.000,1.000,3.000,0.000,0.000,6.000,0.000,0.000,0.000,0.000,16.000,0.000,18.000,352596056.670
-16397.758,-62704.581,14.152,2074.000,2.000,3.000,0.000,0.000,6.000,0.000,0.000,0.000,0.000,16.000,0.000,18.000,352596056.670
-16397.298,-62704.871,12.622,3065.000,3.000,3.000,0.000,0.000,2.000,0.000,0.000,0.000,0.000,16.000,0.000,18.000,352596056.670
-16397.618,-62703.681,15.242,4953.000,1.000,2.000,0.000,0.000,6.000,0.000,0.000,0.000,0.000,16.000,0.000,18.000,352596056.670
-16396.848,-62704.221,12.722,2047.000,2.000,2.000,0.000,0.000,3.000,0.000,0.000,0.000,0.000,16.000,0.000,18.000,352596056.670
-16397.138,-62703.031,15.222,3571.000,1.000,2.000,0.000,0.000,6.000,0.000,0.000,0.000,0.000,16.000,0.000,18.000,352596056.670
-16396.368,-62703.601,12.602,1925.000,2.000,2.000,0.000,0.000,2.000,0.000,0.000,0.000,0.000,16.000,0.000,18.000,352596056.670
-16396.688,-62702.371,15.212,1841.000,1.000,2.000,0.000,0.000,6.000,0.000,0.000,0.000,0.000,16.000,0.000,18.000,352596056.670
-16395.898,-62702.941,12.592,2834.000,2.000,2.000,0.000,0.000,2.000,0.000,0.000,0.000,0.000,16.000,0.000,18.000,352596056.670
-16395.408,-62702.301,12.592,4806.000,1.000,1.000,0.000,0.000,2.000,0.000,0.000,0.000,0.000,16.000,0.000,18.000,352596056.670
-16396.578,-62700.431,18.152,739.000,1.000,2.000,0.000,0.000,6.000,0.000,0.000,0.000,0.000,16.000,0.000,18.000,352596056.670
-16394.928,-62701.651,12.602,2716.000,2.000,2.000,0.000,0.000,2.000,0.000,0.000,0.000,0.000,16.000,0.000,18.000,352596056.670
-16399.288,-62704.721,18.592,3191.000,1.000,1.000,0.000,0.000,6.000,0.000,0.000,0.000,0.000,16.000,0.000,18.000,352596056.682
-16398.728,-62704.121,18.342,648.000,1.000,4.000,0.000,0.000,6.000,0.000,0.000,0.000,0.000,16.000,0.000,18.000,352596056.682
-16397.758,-62704.801,15.072,1508.000,2.000,4.000,0.000,0.000,6.000,0.000,0.000,0.000,0.000,16.000,0.000,18.000,352596056.682
-16397.518,-62704.961,14.272,1046.000,3.000,4.000,0.000,0.000,6.000,0.000,0.000,0.000,0.000,16.000,0.000,18.000,352596056.682
-16397.018,-62705.361,12.512,3767.000,4.000,4.000,0.000,0.000,2.000,0.000,0.000,0.000,0.000,16.000,0.000,18.000,352596056.682
-16397.398,-62704.141,15.292,5868.000,1.000,2.000,0.000,0.000,6.000,0.000,0.000,0.000,0.000,16.000,0.000,18.000,352596056.682
-16396.718,-62704.601,13.032,830.000,2.000,2.000,0.000,0.000,6.000,0.000,0.000,0.000,0.000,16.000,0.000,18.000,352596056.682
-16396.978,-62703.441,15.522,5186.000,1.000,2.000,0.000,0.000,6.000,0.000,0.000,0.000,0.000,16.000,0.000,18.000,352596056.682
-16396.108,-62704.061,12.602,1179.000,2.000,2.000,0.000,0.000,2.000,0.000,0.000,0.000,0.000,16.000,0.000,18.000,352596056.682
-16396.478,-62702.811,15.442,2780.000,1.000,2.000,0.000,0.000,6.000,0.000,0.000,0.000,0.000,16.000,0.000,18.000,352596056.682
-16395.638,-62703.421,12.562,2065.000,2.000,2.000,0.000,0.000,3.000,0.000,0.000,0.000,0.000,16.000,0.000,18.000,352596056.682
-16395.178,-62702.761,12.592,4493.000,1.000,1.000,0.000,0.000,2.000,0.000,0.000,0.000,0.000,16.000,0.000,18.000,352596056.682
-16394.698,-62702.111,12.602,4189.000,1.000,1.000,0.000,0.000,2.000,0.000,0.000,0.000,0.000,16.000,0.000,18.000,352596056.682
-16395.918,-62700.241,18.332,1337.000,1.000,2.000,0.000,0.000,6.000,0.000,0.000,0.000,0.000,16.000,0.000,18.000,352596056.682
-16399.628,-62705.721,19.072,2854.000,1.000,1.000,0.000,0.000,6.000,0.000,0.000,0.000,0.000,16.000,0.000,18.000,352596056.694
-16399.058,-62705.151,18.732,2618.000,1.000,1.000,0.000,0.000,6.000,0.000,0.000,0.000,0.000,16.000,0.000,18.000,352596056.694
-16398.498,-62704.561,18.442,3247.000,1.000,2.000,0.000,0.000,6.000,0.000,0.000,0.000,0.000,16.000,0.000,18.000,352596056.694
-16396.768,-62705.821,12.562,3933.000,2.000,2.000,0.000,0.000,2.000,0.000,0.000,0.000,0.000,16.000,0.000,18.000,352596056.694
-16397.128,-62704.611,15.312,3616.000,1.000,2.000,0.000,0.000,6.000,0.000,0.000,0.000,0.000,16.000,0.000,18.000,352596056.694
-16396.438,-62705.061,13.052,2614.000,2.000,2.000,0.000,0.000,6.000,0.000,0.000,0.000,0.000,16.000,0.000,18.000,352596056.694
-16396.718,-62703.851,15.612,7281.000,1.000,2.000,0.000,0.000,6.000,0.000,0.000,0.000,0.000,16.000,0.000,18.000,352596056.694
-16395.828,-62704.491,12.622,1266.000,2.000,2.000,0.000,0.000,2.000,0.000,0.000,0.000,0.000,16.000,0.000,18.000,352596056.694
-16396.208,-62703.231,15.472,2256.000,1.000,2.000,0.000,0.000,6.000,0.000,0.000,0.000,0.000,16.000,0.000,18.000,352596056.694
-16395.358,-62703.831,12.612,3198.000,2.000,2.000,0.000,0.000,2.000,0.000,0.000,0.000,0.000,16.000,0.000,18.000,352596056.694
-16394.878,-62703.191,12.572,3587.000,1.000,1.000,0.000,0.000,2.000,0.000,0.000,0.000,0.000,16.000,0.000,18.000,352596056.694
-16394.428,-62702.541,12.612,3385.000,1.000,1.000,0.000,0.000,2.000,0.000,0.000,0.000,0.000,16.000,0.000,18.000,352596056.694
-16395.618,-62700.721,18.182,1028.000,1.000,2.000,0.000,0.000,6.000,0.000,0.000,0.000,0.000,16.000,0.000,18.000,352596056.694
-16393.948,-62701.921,12.602,1861.000,2.000,2.000,0.000,0.000,2.000,0.000,0.000,0.000,0.000,16.000,0.000,18.000,352596056.694
-16399.638,-62706.301,19.272,2829.000,1.000,1.000,0.000,0.000,6.000,0.000,0.000,0.000,0.000,16.000,0.000,18.000,352596056.706
-16399.058,-62705.711,18.952,3836.000,1.000,1.000,0.000,0.000,6.000,0.000,0.000,0.000,0.000,16.000,0.000,18.000,352596056.706
-16398.488,-62705.131,18.622,2692.000,1.000,1.000,0.000,0.000,6.000,0.000,0.000,0.000,0.000,16.000,0.000,18.000,352596056.706
-16397.958,-62704.531,18.402,832.000,1.000,3.000,0.000,0.000,6.000,0.000,0.000,0.000,0.000,16.000,0.000,18.000,352596056.706
