"X","Y","Z","Intensity","ReturnNumber","NumberOfReturns","ScanDirectionFlag","EdgeOfFlightLine","Classification","Synthetic","KeyPoint","Withheld","Overlap","ScanAngleRank","UserData","PointSourceId","GpsTime","Red","Green","Blue"
-5599.971,-35106.097,3.602,680.000,1.000,1.000,1.000,0.000,1.000,0.000,0.000,0.000,0.000,-4.000,0.000,95.000,188552.207,19532.000,20046.000,20560.000
-5599.976,-35111.458,3.440,715.000,1.000,1.000,1.000,0.000,1.000,0.000,0.000,0.000,0.000,-4.000,0.000,95.000,188552.287,20560.000,21074.000,21588.000
-5599.978,-35115.695,3.543,311.000,1.000,1.000,1.000,0.000,1.000,0.000,0.000,0.000,0.000,-4.000,0.000,95.000,188552.347,19018.000,19275.000,20303.000
-5599.992,-35119.757,3.603,722.000,1.000,1.000,1.000,0.000,1.000,0.000,0.000,0.000,0.000,-4.000,0.000,95.000,188552.407,18504.000,20046.000,20817.000
-5599.992,-35129.327,3.431,505.000,1.000,1.000,1.000,0.000,1.000,0.000,0.000,0.000,0.000,-4.000,0.000,95.000,188552.547,18504.000,19789.000,21074.000
-5600.000,-35135.622,3.580,1513.000,1.000,1.000,1.000,0.000,1.000,0.000,0.000,0.000,0.000,-4.000,0.000,95.000,188552.627,21845.000,22873.000,23644.000
-5599.959,-35200.846,3.543,1605.000,1.000,1.000,1.000,0.000,1.000,0.000,0.000,0.000,0.000,-4.000,0.000,95.000,188553.553,22616.000,23387.000,24415.000
-5599.953,-35207.670,3.513,514.000,1.000,1.000,1.000,0.000,1.000,0.000,0.000,0.000,0.000,-4.000,0.000,95.000,188553.667,18761.000,19532.000,20046.000
-5599.988,-35103.768,3.673,439.000,2.000,2.000,0.000,0.000,1.000,0.000,0.000,0.000,0.000,-4.000,0.000,95.000,188561.149,20046.000,21074.000,22102.000
-5599.990,-35106.097,3.593,682.000,1.000,1.000,0.000,0.000,1.000,0.000,0.000,0.000,0.000,-4.000,0.000,95.000,188561.176,19532.000,20046.000,20560.000
-5599.978,-35114.862,3.520,708.000,1.000,1.000,0.000,0.000,1.000,0.000,0.000,0.000,0.000,-4.000,0.000,95.000,188561.309,19532.000,20046.000,21074.000
-5599.955,-35128.977,3.432,358.000,1.000,1.000,0.000,0.000,1.000,0.000,0.000,0.000,0.000,-4.000,0.000,95.000,188561.516,18504.000,19275.000,20560.000
-5599.962,-35205.858,3.460,595.000,1.000,1.000,0.000,0.000,1.000,0.000,0.000,0.000,0.000,-4.000,0.000,95.000,188562.623,19532.000,19789.000,21331.000
-5599.942,-35207.912,3.489,614.000,1.000,1.000,0.000,0.000,1.000,0.000,0.000,0.000,0.000,-4.000,0.000,95.000,188562.656,18504.000,18761.000,20560.000
-5599.885,-35100.138,3.723,1596.000,1.000,1.000,1.000,0.000,1.000,0.000,0.000,0.000,0.000,-4.000,0.000,95.000,188552.127,37779.000,35466.000,32896.000
-5599.536,-35100.002,3.729,1851.000,1.000,1.000,1.000,0.000,1.000,0.000,0.000,0.000,0.000,-4.000,0.000,95.000,188552.127,42148.000,41891.000,41120.000
-5599.792,-35100.512,3.715,1877.000,1.000,1.000,1.000,0.000,1.000,0.000,0.000,0.000,0.000,-4.000,0.000,95.000,188552.133,34438.000,32896.000,31354.000
-5599.106,-35100.234,3.733,2049.000,1.000,1.000,1.000,0.000,1.000,0.000,0.000,0.000,0.000,-4.000,0.000,95.000,188552.133,33924.000,35723.000,37522.000
-5598.827,-35100.525,3.736,1757.000,1.000,1.000,1.000,0.000,1.000,0.000,0.000,0.000,0.000,-4.000,0.000,95.000,188552.140,30583.000,33410.000,35466.000
-5598.465,-35100.382,3.744,1800.000,1.000,1.000,1.000,0.000,1.000,0.000,0.000,0.000,0.000,-4.000,0.000,95.000,188552.140,26985.000,28784.000,30840.000
-5598.111,-35100.237,3.763,912.000,2.000,2.000,1.000,0.000,1.000,0.000,0.000,0.000,0.000,-4.000,0.000,95.000,188552.140,26471.000,26985.000,27242.000
-5598.622,-35100.876,3.727,1782.000,1.000,1.000,1.000,0.000,1.000,0.000,0.000,0.000,0.000,-4.000,0.000,95.000,188552.147,25186.000,26471.000,27756.000
-5597.593,-35100.461,3.781,396.000,3.000,3.000,1.000,0.000,1.000,0.000,0.000,0.000,0.000,-4.000,0.000,95.000,188552.147,28527.000,28013.000,27756.000
-5599.099,-35102.003,3.698,2125.000,1.000,1.000,1.000,0.000,1.000,0.000,0.000,0.000,0.000,-4.000,0.000,95.000,188552.160,23901.000,23644.000,24158.000
-5598.744,-35101.862,3.704,2290.000,1.000,1.000,1.000,0.000,1.000,0.000,0.000,0.000,0.000,-4.000,0.000,95.000,188552.160,23644.000,23901.000,24158.000
-5597.350,-35101.294,3.736,1404.000,2.000,2.000,1.000,0.000,1.000,0.000,0.000,0.000,0.000,-4.000,0.000,95.000,188552.160,22873.000,22873.000,23387.000
-5598.408,-35102.260,3.699,1931.000,1.000,1.000,1.000,0.000,1.000,0.000,0.000,0.000,0.000,-4.000,0.000,95.000,188552.167,23644.000,23387.000,23644.000
-5597.708,-35101.970,3.718,2273.000,1.000,1.000,1.000,0.000,1.000,0.000,0.000,0.000,0.000,-4.000,0.000,95.000,188552.167,23387.000,23644.000,24158.000
-5597.363,-35101.834,3.723,1837.000,1.000,1.000,1.000,0.000,1.000,0.000,0.000,0.000,0.000,-4.000,0.000,95.000,188552.167,23644.000,23644.000,23901.000
-5598.820,-35102.953,3.693,1734.000,1.000,1.000,1.000,0.000,1.000,0.000,0.000,0.000,0.000,-4.000,0.000,95.000,188552.173,22873.000,23130.000,23644.000
-5598.098,-35102.665,3.699,1593.000,1.000,1.000,1.000,0.000,1.000,0.000,0.000,0.000,0.000,-4.000,0.000,95.000,188552.173,22359.000,22873.000,23387.000
-5597.398,-35102.378,3.717,1941.000,1.000,1.000,1.000,0.000,1.000,0.000,0.000,0.000,0.000,-4.000,0.000,95.000,188552.173,23644.000,23644.000,23644.000
-5597.054,-35102.239,3.720,1799.000,2.000,2.000,1.000,0.000,1.000,0.000,0.000,0.000,0.000,-4.000,0.000,95.000,188552.173,23387.000,23644.000,23644.000
-5599.686,-35103.884,3.667,392.000,2.000,2.000,1.000,0.000,1.000,0.000,0.000,0.000,0.000,-4.000,0.000,95.000,188552.180,19018.000,20046.000,21074.000
-5598.640,-35103.447,3.730,713.000,2.000,2.000,1.000,0.000,1.000,0.000,0.000,0.000,0.000,-4.000,0.000,95.000,188552.180,20560.000,21331.000,22102.000
-5598.283,-35103.318,3.702,1611.000,1.000,1.000,1.000,0.000,1.000,0.000,0.000,0.000,0.000,-4.000,0.000,95.000,188552.180,22102.000,21845.000,22616.000
-5596.843,-35102.737,3.700,1692.000,1.000,1.000,1.000,0.000,1.000,0.000,0.000,0.000,0.000,-4.000,0.000,95.000,188552.180,23387.000,23130.000,23901.000
-5596.489,-35102.588,3.725,82.000,2.000,2.000,1.000,0.000,1.000,0.000,0.000,0.000,0.000,-4.000,0.000,95.000,188552.180,23130.000,23130.000,23387.000
-5598.053,-35103.764,3.730,628.000,2.000,2.000,1.000,0.000,1.000,0.000,0.000,0.000,0.000,-4.000,0.000,95.000,188552.187,21331.000,22102.000,22359.000
-5597.707,-35103.630,3.700,1736.000,1.000,1.000,1.000,0.000,1.000,0.000,0.000,0.000,0.000,-4.000,0.000,95.000,188552.187,20303.000,20817.000,21331.000
-5596.651,-35103.208,3.707,1579.000,1.000,1.000,1.000,0.000,1.000,0.000,0.000,0.000,0.000,-4.000,0.000,95.000,188552.187,22873.000,22873.000,23644.000
-5599.813,-35104.989,3.635,704.000,1.000,1.000,1.000,0.000,1.000,0.000,0.000,0.000,0.000,-4.000,0.000,95.000,188552.193,19532.000,20303.000,20817.000
-5598.779,-35104.572,3.660,446.000,1.000,1.000,1.000,0.000,1.000,0.000,0.000,0.000,0.000,-4.000,0.000,95.000,188552.193,18504.000,19532.000,20560.000
-5598.086,-35104.301,3.680,1496.000,2.000,2.000,1.000,0.000,1.000,0.000,0.000,0.000,0.000,-4.000,0.000,95.000,188552.193,21074.000,22102.000,23130.000
-5597.380,-35103.983,3.778,1360.000,1.000,1.000,1.000,0.000,1.000,0.000,0.000,0.000,0.000,-4.000,0.000,95.000,188552.193,21845.000,21588.000,21588.000
-5597.015,-35103.855,3.722,1662.000,1.000,1.000,1.000,0.000,1.000,0.000,0.000,0.000,0.000,-4.000,0.000,95.000,188552.193,21845.000,21588.000,21331.000
-5596.664,-35103.718,3.701,1704.000,1.000,1.000,1.000,0.000,1.000,0.000,0.000,0.000,0.000,-4.000,0.000,95.000,188552.193,22102.000,22102.000,22359.000
-5596.320,-35103.576,3.714,1148.000,2.000,2.000,1.000,0.000,1.000,0.000,0.000,0.000,0.000,-4.000,0.000,95.000,188552.193,23130.000,22873.000,23644.000
-5599.683,-35105.473,3.623,667.000,1.000,1.000,1.000,0.000,1.000,0.000,0.000,0.000,0.000,-4.000,0.000,95.000,188552.200,19275.000,20303.000,20817.000
-5599.330,-35105.340,3.622,548.000,1.000,1.000,1.000,0.000,1.000,0.000,0.000,0.000,0.000,-4.000,0.000,95.000,188552.200,19532.000,20303.000,21331.000
-5597.219,-35104.466,3.711,562.000,2.000,2.000,1.000,0.000,1.000,0.000,0.000,0.000,0.000,-4.000,0.000,95.000,188552.200,21331.000,22102.000,23387.000
-5596.874,-35104.316,3.735,859.000,1.000,1.000,1.000,0.000,1.000,0.000,0.000,0.000,0.000,-4.000,0.000,95.000,188552.200,21845.000,22102.000,22616.000
-5596.518,-35104.188,3.711,1540.000,1.000,1.000,1.000,0.000,1.000,0.000,0.000,0.000,0.000,-4.000,0.000,95.000,188552.200,21588.000,21588.000,21331.000
-5596.160,-35104.042,3.703,1238.000,2.000,2.000,1.000,0.000,1.000,0.000,0.000,0.000,0.000,-4.000,0.000,95.000,188552.200,21331.000,21331.000,21845.000
-5599.601,-35105.952,3.615,628.000,1.000,1.000,1.000,0.000,1.000,0.000,0.000,0.000,0.000,-4.000,0.000,95.000,188552.207,19532.000,20303.000,20560.000
-5599.246,-35105.805,3.630,444.000,1.000,1.000,1.000,0.000,1.000,0.000,0.000,0.000,0.000,-4.000,0.000,95.000,188552.207,19789.000,20560.000,21074.000
-5598.893,-35105.667,3.628,581.000,1.000,1.000,1.000,0.000,1.000,0.000,0.000,0.000,0.000,-4.000,0.000,95.000,188552.207,19532.000,20046.000,21074.000
-5596.442,-35104.634,3.809,415.000,2.000,2.000,1.000,0.000,1.000,0.000,0.000,0.000,0.000,-4.000,0.000,95.000,188552.207,20560.000,21331.000,21588.000
-5595.731,-35104.380,3.713,29.000,2.000,2.000,1.000,0.000,1.000,0.000,0.000,0.000,0.000,-4.000,0.000,95.000,188552.207,20817.000,20817.000,21074.000
-5599.196,-35106.290,3.618,537.000,1.000,1.000,1.000,0.000,1.000,0.000,0.000,0.000,0.000,-4.000,0.000,95.000,188552.213,20046.000,20560.000,21588.000
-5598.127,-35105.864,3.627,575.000,1.000,1.000,1.000,0.000,1.000,0.000,0.000,0.000,0.000,-4.000,0.000,95.000,188552.213,20046.000,20817.000,21588.000
-5596.734,-35105.296,3.659,552.000,1.000,1.000,1.000,0.000,1.000,0.000,0.000,0.000,0.000,-4.000,0.000,95.000,188552.213,19018.000,20046.000,21074.000
-5596.038,-35105.003,3.722,424.000,3.000,3.000,1.000,0.000,1.000,0.000,0.000,0.000,0.000,-4.000,0.000,95.000,188552.213,20560.000,21074.000,22102.000
-5595.697,-35104.820,3.818,67.000,3.000,3.000,1.000,0.000,1.000,0.000,0.000,0.000,0.000,-4.000,0.000,95.000,188552.213,22102.000,22873.000,23387.000
-5599.759,-35106.983,3.593,677.000,1.000,1.000,1.000,0.000,1.000,0.000,0.000,0.000,0.000,-4.000,0.000,95.000,188552.220,19789.000,20303.000,20817.000
-5599.414,-35106.840,3.602,580.000,1.000,1.000,1.000,0.000,1.000,0.000,0.000,0.000,0.000,-4.000,0.000,95.000,188552.220,19789.000,20046.000,20817.000
-5599.062,-35106.704,3.600,377.000,1.000,1.000,1.000,0.000,1.000,0.000,0.000,0.000,0.000,-4.000,0.000,95.000,188552.220,19532.000,19789.000,20560.000
-5598.352,-35106.400,3.632,818.000,1.000,1.000,1.000,0.000,1.000,0.000,0.000,0.000,0.000,-4.000,0.000,95.000,188552.220,20560.000,21074.000,21845.000
-5599.615,-35107.391,3.572,591.000,1.000,1.000,1.000,0.000,1.000,0.000,0.000,0.000,0.000,-4.000,0.000,95.000,188552.227,19275.000,20046.000,20303.000
-5599.250,-35107.244,3.582,474.000,1.000,1.000,1.000,0.000,1.000,0.000,0.000,0.000,0.000,-4.000,0.000,95.000,188552.227,19275.000,20046.000,20560.000
-5598.890,-35107.097,3.593,443.000,1.000,1.000,1.000,0.000,1.000,0.000,0.000,0.000,0.000,-4.000,0.000,95.000,188552.227,19018.000,19789.000,20817.000
-5597.136,-35106.385,3.644,514.000,1.000,1.000,1.000,0.000,1.000,0.000,0.000,0.000,0.000,-4.000,0.000,95.000,188552.227,19789.000,20817.000,21588.000
-5596.781,-35106.226,3.667,776.000,1.000,1.000,1.000,0.000,1.000,0.000,0.000,0.000,0.000,-4.000,0.000,95.000,188552.227,19532.000,20046.000,21588.000
-5595.533,-35106.161,3.659,457.000,2.000,2.000,1.000,0.000,1.000,0.000,0.000,0.000,0.000,-4.000,0.000,95.000,188552.233,18761.000,19275.000,20560.000
-5597.957,-35107.563,3.580,354.000,1.000,1.000,1.000,0.000,1.000,0.000,0.000,0.000,0.000,-4.000,0.000,95.000,188552.240,22102.000,22616.000,22873.000
-5597.252,-35107.279,3.615,432.000,1.000,1.000,1.000,0.000,1.000,0.000,0.000,0.000,0.000,-4.000,0.000,95.000,188552.240,22102.000,22873.000,23387.000
-5596.559,-35106.989,3.625,456.000,1.000,1.000,1.000,0.000,1.000,0.000,0.000,0.000,0.000,-4.000,0.000,95.000,188552.240,19789.000,20303.000,21588.000
-5595.851,-35106.686,3.668,881.000,1.000,1.000,1.000,0.000,1.000,0.000,0.000,0.000,0.000,-4.000,0.000,95.000,188552.240,19532.000,20560.000,21331.000
-5595.124,-35106.395,3.668,346.000,2.000,2.000,1.000,0.000,1.000,0.000,0.000,0.000,0.000,-4.000,0.000,95.000,188552.240,19018.000,20046.000,20817.000
-5596.893,-35107.556,3.610,546.000,1.000,1.000,1.000,0.000,1.000,0.000,0.000,0.000,0.000,-4.000,0.000,95.000,188552.247,19789.000,20560.000,21331.000
-5596.197,-35107.269,3.625,586.000,1.000,1.000,1.000,0.000,1.000,0.000,0.000,0.000,0.000,-4.000,0.000,95.000,188552.247,20560.000,20817.000,22102.000
-5594.773,-35106.679,3.674,23.000,3.000,3.000,1.000,0.000,1.000,0.000,0.000,0.000,0.000,-4.000,0.000,95.000,188552.247,18761.000,19789.000,21074.000
-5599.896,-35109.198,3.406,1287.000,1.000,1.000,1.000,0.000,1.000,0.000,0.000,0.000,0.000,-4.000,0.000,95.000,188552.253,21074.000,22102.000,22359.000
-5599.548,-35109.064,3.415,811.000,1.000,1.000,1.000,0.000,1.000,0.000,0.000,0.000,0.000,-4.000,0.000,95.000,188552.253,19018.000,20046.000,21074.000
-5597.119,-35108.045,3.601,397.000,1.000,1.000,1.000,0.000,1.000,0.000,0.000,0.000,0.000,-4.000,0.000,95.000,188552.253,19532.000,20560.000,21074.000
-5598.009,-35108.858,3.498,274.000,1.000,1.000,1.000,0.000,1.000,0.000,0.000,0.000,0.000,-4.000,0.000,95.000,188552.260,18761.000,19275.000,19789.000
-5596.970,-35108.414,3.597,345.000,1.000,1.000,1.000,0.000,1.000,0.000,0.000,0.000,0.000,-4.000,0.000,95.000,188552.260,18504.000,19018.000,20303.000
-5596.249,-35108.120,3.616,447.000,1.000,1.000,1.000,0.000,1.000,0.000,0.000,0.000,0.000,-4.000,0.000,95.000,188552.260,19532.000,19789.000,20817.000
-5595.892,-35107.970,3.627,564.000,1.000,1.000,1.000,0.000,1.000,0.000,0.000,0.000,0.000,-4.000,0.000,95.000,188552.260,22873.000,23644.000,23901.000
-5595.539,-35107.828,3.634,677.000,1.000,1.000,1.000,0.000,1.000,0.000,0.000,0.000,0.000,-4.000,0.000,95.000,188552.260,23644.000,24158.000,24415.000
-5599.636,-35109.948,3.406,1007.000,1.000,1.000,1.000,0.000,1.000,0.000,0.000,0.000,0.000,-4.000,0.000,95.000,188552.267,21331.000,21588.000,21845.000
-5596.111,-35108.488,3.604,437.000,1.000,1.000,1.000,0.000,1.000,0.000,0.000,0.000,0.000,-4.000,0.000,95.000,188552.267,20303.000,21074.000,21331.000
-5595.758,-35108.346,3.614,488.000,1.000,1.000,1.000,0.000,1.000,0.000,0.000,0.000,0.000,-4.000,0.000,95.000,188552.267,22102.000,23130.000,23901.000
-5595.411,-35108.199,3.629,582.000,1.000,1.000,1.000,0.000,1.000,0.000,0.000,0.000,0.000,-4.000,0.000,95.000,188552.267,23130.000,24158.000,24415.000
-5595.069,-35108.055,3.634,649.000,1.000,1.000,1.000,0.000,1.000,0.000,0.000,0.000,0.000,-4.000,0.000,95.000,188552.267,23644.000,24415.000,24672.000
-5598.759,-35110.040,3.410,1476.000,1.000,1.000,1.000,0.000,1.000,0.000,0.000,0.000,0.000,-4.000,0.000,95.000,188552.273,22102.000,22873.000,23644.000
-5597.005,-35109.315,3.520,309.000,1.000,1.000,1.000,0.000,1.000,0.000,0.000,0.000,0.000,-4.000,0.000,95.000,188552.273,17990.000,18761.000,20046.000
-5594.194,-35108.134,3.644,250.000,3.000,3.000,1.000,0.000,1.000,0.000,0.000,0.000,0.000,-4.000,0.000,95.000,188552.273,24415.000,25186.000,25957.000
-5599.251,-35110.710,3.426,613.000,1.000,1.000,1.000,0.000,1.000,0.000,0.000,0.000,0.000,-4.000,0.000,95.000,188552.280,19789.000,20560.000,21588.000
-5598.522,-35110.428,3.414,1196.000,1.000,1.000,1.000,0.000,1.000,0.000,0.000,0.000,0.000,-4.000,0.000,95.000,188552.280,22616.000,22873.000,23387.000
